price,delivery_time,number_of_transit_nodes,departure_city
826405.2345967664,30.55962679709798,0.0,Moscow
690015.7208367223,33.924738873315306,0.0,Guangzhou
747873.798410574,20.77685175874729,3.0,Moscow
874089.3199201458,26.04714029433284,1.0,Guangzhou
836755.7990149967,27.280533251240676,3.0,Moscow
552272.2120123589,27.014799467044327,2.0,Guangzhou
745008.841752559,30.407735853003903,1.0,Guangzhou
634864.2791702303,6.819223696164304,2.0,Guangzhou
639678.1148206443,24.506759298524276,4.0,Moscow
691059.8501938372,27.39033601246765,5.0,Moscow
664404.3571160878,14.996696510462948,4.0,Moscow
795427.3506962975,41.7398570701071,1.0,Guangzhou
726103.7725146994,26.61559267238168,4.0,Guangzhou
662167.5016492829,40.634047450289295,4.0,Moscow
694386.3232745426,17.09476978166923,4.0,Moscow
683367.4327374267,15.92699878474673,2.0,Moscow
799407.9073157606,27.24252220965682,4.0,Guangzhou
629484.17362342,8.213116371713433,4.0,Guangzhou
681306.7701650901,27.149655906260936,3.0,Guangzhou
564590.4260698275,25.97219232002918,4.0,Guangzhou
394701.01841659215,35.15665281542101,1.0,Guangzhou
715361.8595440361,32.01041341165097,4.0,Guangzhou
736443.6198859506,20.82522650114966,3.0,Moscow
575783.4979593558,14.025033452297553,5.0,Moscow
876975.4623987607,42.12305221343297,3.0,Guangzhou
504563.4325401235,17.0788497943485,1.0,Moscow
654575.8517301446,14.544754429305344,3.0,Moscow
631281.6149974166,14.151439405385547,5.0,Guangzhou
803277.9214358458,36.173053155366645,3.0,Guangzhou
796935.8769900285,19.81099795575148,3.0,Moscow
665494.7425696916,17.462955338193993,4.0,Guangzhou
687816.2519602174,26.376898259033474,3.0,Guangzhou
561221.4252369887,22.93055289442709,3.0,Moscow
451920.3531776073,18.21904539213753,6.0,Moscow
615208.7850673847,32.53991466978479,6.0,Guangzhou
665634.896910398,35.653154920979944,4.0,Guangzhou
773029.0680727721,34.85317508939867,2.0,Guangzhou
770237.9848784411,32.66919669661199,6.0,Guangzhou
611267.3182592047,29.026255311300357,5.0,Moscow
619769.7249424665,7.241120000381713,4.0,Moscow
545144.7034932907,41.69250806376969,1.0,Guangzhou
507998.2062821025,28.01989210357553,3.0,Guangzhou
479372.98093749874,31.08156427600641,2.0,Moscow
845077.539523179,36.14962322947402,3.0,Moscow
599034.7818248346,39.33352502881992,3.0,Guangzhou
606192.5698388814,29.183980113091927,3.0,Moscow
524720.4639950073,29.355461592956537,2.0,Moscow
727749.035583191,19.00775722540281,6.0,Guangzhou
488610.21524420485,25.3308975113876,0.0,Guangzhou
628725.9719786032,16.458387391856455,4.0,Guangzhou
560453.3438806324,17.800594678581053,1.0,Guangzhou
688690.2497859262,16.064255976858085,4.0,Guangzhou
598919.4862431127,23.43976109002713,1.0,Moscow
531936.7815877588,35.490931879200105,5.0,Moscow
647181.7771661346,56.7097477329018,3.0,Guangzhou
692833.1870530418,26.89499637547913,3.0,Guangzhou
656651.7222383168,11.5158691224388,1.0,Guangzhou
680247.1897739781,37.64983329856256,2.0,Guangzhou
586567.7906319037,21.992161235239728,3.0,Moscow
613725.8834012862,18.39391406023008,4.0,Guangzhou
582753.9552224049,27.098494779230556,9.0,Moscow
614044.6838459459,12.593754004437724,3.0,Guangzhou
568685.3717955546,27.224631640086063,5.0,Moscow
477371.7397668323,24.11624476800845,0.0,Moscow
667742.6142253752,25.98377906815476,0.0,Guangzhou
609821.9063791739,28.814162542091708,2.0,Guangzhou
486980.16530339554,25.674922572408068,1.0,Guangzhou
696278.2255525774,25.163380841128927,6.0,Guangzhou
559270.1635616758,27.843145189979445,2.0,Moscow
655194.539579614,29.154006261711267,6.0,Guangzhou
722909.0562177537,14.685175396847423,6.0,Guangzhou
662898.291075741,10.700087413145516,3.0,Moscow
763940.0684543301,24.38361947827785,4.0,Guangzhou
526517.4179646347,10.67264510065892,3.0,Guangzhou
690234.1641177549,25.87531470921671,4.0,Guangzhou
581518.9909059687,34.3874687568231,4.0,Moscow
562920.2850818118,31.071116719160457,3.0,Guangzhou
592115.0335235584,14.518295931745268,4.0,Guangzhou
618844.7467872627,16.397375480424813,6.0,Guangzhou
655616.5342229746,28.283012950007556,4.0,Guangzhou
533485.0159216643,20.9870219486649,4.0,Moscow
740082.6486954187,21.83344704947893,3.0,Moscow
696566.243973046,30.969064812479537,1.0,Guangzhou
496375.6313722776,15.127133065423475,1.0,Guangzhou
798825.21937956,20.987652900888172,4.0,Moscow
839588.9176030583,16.99917523915399,0.0,Moscow
767877.9571159651,14.568705019646444,1.0,Guangzhou
632007.516418765,16.429218113288353,6.0,Moscow
542924.7378489458,31.77462169346412,7.0,Guangzhou
755445.1726931137,25.51820389482421,0.0,Moscow
609682.305302682,16.20839371164925,6.0,Moscow
772244.5070382428,22.688983924070037,3.0,Moscow
670827.497807686,8.611926928778221,3.0,Guangzhou
747663.9036483712,17.666871924163345,3.0,Guangzhou
685636.6397174402,46.49574534867287,5.0,Moscow
720657.3168191948,24.097561503342494,0.0,Guangzhou
651050.002072082,32.31658927030392,4.0,Moscow
828587.0493905835,24.34511624855517,1.0,Moscow
662691.209270362,28.481692352418087,4.0,Moscow
690198.9363444701,31.63258089679174,6.0,Moscow
838315.0697056254,13.953834024735292,3.0,Guangzhou
515224.0938857554,24.69063742726041,4.0,Guangzhou
522951.50015142665,40.78865194416488,4.0,Moscow
746939.6708158011,17.04499449946709,1.0,Guangzhou
532687.659488584,19.335601462677808,6.0,Moscow
844362.1185649292,21.923087226329983,6.0,Guangzhou
608638.1019240252,27.690240731762465,4.0,Moscow
575254.5188559243,30.249178636458826,3.0,Guangzhou
842294.2026480385,37.67411654818657,2.0,Moscow
798051.4791434425,29.994982334686597,2.0,Guangzhou
836755.896042657,24.37946874201666,6.0,Guangzhou
740604.4658275385,37.59167129610814,6.0,Moscow
563877.4314945297,32.04111022141582,3.0,Guangzhou
841006.4953099034,10.043204837429837,0.0,Guangzhou
623199.662904862,50.26368240355998,3.0,Moscow
730245.6395796395,42.69921388196734,1.0,Moscow
744725.1967773748,23.31785777232926,3.0,Guangzhou
634498.9906909165,28.77910101738475,6.0,Moscow
711407.937034608,38.2435874999584,2.0,Moscow
742220.6671566527,23.27799207303117,4.0,Moscow
687642.553115563,32.30351790377019,6.0,Guangzhou
540059.9209415806,36.04578473571476,3.0,Moscow
679823.8174206056,14.85174092265559,3.0,Moscow
782638.589668703,18.976681464171374,0.0,Guangzhou
580543.2140268635,34.21408397810581,1.0,Moscow
635036.5459672329,29.608144771488305,4.0,Moscow
606484.6448278363,34.23796560313947,3.0,Guangzhou
834926.3728479343,23.67431985346282,3.0,Moscow
717229.4757012435,22.10994789045767,3.0,Moscow
690746.183624111,5.013605244166271,4.0,Moscow
573008.3925554684,13.539995734925569,1.0,Moscow
703924.9191291818,25.470660946584932,2.0,Guangzhou
582566.7339342624,33.24557219564237,7.0,Guangzhou
653183.0558274351,30.311783665356952,1.0,Guangzhou
586415.3921621119,23.71758025972298,2.0,Moscow
717643.32949465,22.28228433509303,2.0,Guangzhou
707659.0816614941,27.1717963263828,4.0,Moscow
629170.1244422005,25.78211181092152,5.0,Moscow
689600.6712661645,39.04545514939712,2.0,Moscow
540693.8491269494,26.4644077047825,2.0,Moscow
500874.2407294394,10.187540378027016,2.0,Guangzhou
693939.1701264537,12.27441864967683,4.0,Guangzhou
666667.3495372529,40.1875933696358,2.0,Moscow
713503.1436892106,13.288395385499197,2.0,Guangzhou
888314.4774863942,32.64497453033533,2.0,Guangzhou
744447.9486990414,22.31627264790619,0.0,Guangzhou
558717.7774555841,23.302417060975145,3.0,Guangzhou
761701.6288095852,23.6586721723158,5.0,Moscow
518409.2589488479,37.213849594591984,4.0,Moscow
603841.5395185291,23.071581714560352,1.0,Moscow
643175.8394675369,24.66680717154847,0.0,Moscow
821334.2721649366,9.691965026005072,3.0,Moscow
575524.517795156,27.066905117080037,0.0,Guangzhou
567356.1461340985,30.3104250697806,5.0,Guangzhou
640154.7475574567,27.39145580653787,3.0,Moscow
583652.1713637892,38.97896261086736,0.0,Moscow
762663.5922106507,25.55171354780232,1.0,Guangzhou
542006.8491636576,27.98977456119017,2.0,Moscow
535253.1347588898,41.48504010268179,1.0,Moscow
606217.9955255566,9.499858106418522,0.0,Guangzhou
,20.441746522006312,1.0,Moscow
842953.2053816986,39.26158752019266,2.0,Moscow
744942.0806925761,34.361291483110826,2.0,Moscow
658755.124138519,31.783800988404703,5.0,Moscow
527456.4481169832,33.326507394644786,3.0,Moscow
734436.2976401547,28.27066209121022,1.0,Guangzhou
549978.4652610435,41.31597427532272,2.0,Moscow
495522.8903222389,28.77759169730718,1.0,Moscow
768802.9792352301,27.398671058952782,2.0,Guangzhou
681694.261192485,26.589586741256436,5.0,Guangzhou
742085.8823780819,26.92863955550386,4.0,Guangzhou
681872.7652943021,13.42982719184132,8.0,Guangzhou
735683.0611902691,32.70673054463343,4.0,Moscow
584897.4406699853,23.695602662166728,1.0,Guangzhou
546575.7158215535,43.21915097860406,5.0,Guangzhou
718159.4518281627,24.24349529411577,5.0,Guangzhou
569659.0335826159,29.209182841756565,5.0,Moscow
581045.0222249799,27.466021862613346,1.0,Guangzhou
604446.7496482657,18.744429648907467,3.0,Moscow
651747.9159025056,34.92136828518506,5.0,Guangzhou
614600.6088746516,44.05063640560017,0.0,Guangzhou
512504.8706581981,24.85222780340155,2.0,Moscow
585638.1597167109,21.99521214414578,0.0,Moscow
427659.6847775573,21.449712689446255,1.0,Guangzhou
712523.1451027187,6.076381066826585,1.0,Guangzhou
489794.2344393252,23.221868562969878,6.0,Moscow
539561.666057155,27.50998116008324,3.0,Moscow
655216.5079260975,35.54757925180283,1.0,Guangzhou
576043.7003608687,34.60047741149928,1.0,Guangzhou
804301.4595406735,20.83500917563308,3.0,Moscow
520714.3090276552,22.231770052261115,3.0,Guangzhou
676705.0869349183,36.23905305614439,6.0,Moscow
646071.7181772505,23.265361029271208,4.0,Moscow
533190.6502258803,19.89970460244383,0.0,Moscow
702327.6660531753,38.92518449434272,2.0,Guangzhou
632845.3668777752,35.37585667050634,5.0,Moscow
727179.0551213667,25.187917917742578,2.0,Moscow
732350.4153963731,19.062225522213325,6.0,Guangzhou
866323.594928069,4.881196807552911,1.0,Moscow
783652.7949436392,30.89703605574724,4.0,Moscow
613081.8162057557,16.036302774478198,1.0,Guangzhou
626062.0822424074,5.372679908592481,2.0,Guangzhou
759965.9595887113,40.84820527349018,5.0,Moscow
715526.3730722598,31.47967791009888,3.0,Moscow
714013.1526097592,13.609918068830346,5.0,Guangzhou
488304.3955689166,12.855986170407409,4.0,Moscow
647567.3875601065,33.70961782171619,5.0,Moscow
576196.9090794311,16.220293834641296,1.0,Guangzhou
677992.4599043238,37.96149867527883,3.0,Guangzhou
640184.9610357042,31.16459312626155,4.0,Moscow
741017.8908092591,30.365965205668235,1.0,Moscow
681721.8215191303,29.046954556143003,6.0,Moscow
728632.7962108976,26.91450872023912,1.0,Guangzhou
603358.0903264057,33.805111991771106,2.0,Guangzhou
555555.374408175,20.45919637484395,1.0,Moscow
608995.0306797451,25.85951973434385,1.0,Guangzhou
648297.958613856,32.51946587677196,7.0,Guangzhou
687915.1735555081,30.62989718586128,3.0,Guangzhou
875930.8950690852,13.050131947313396,2.0,Guangzhou
645774.2848339358,19.99590332695736,3.0,Guangzhou
554405.4999507223,27.528035054191545,6.0,Guangzhou
615401.8224300614,20.919852909601037,1.0,Moscow
603640.4025353906,42.74658560973333,4.0,Guangzhou
698148.1473773462,21.068468052458872,2.0,Guangzhou
495920.2985555375,23.377815524233093,2.0,Guangzhou
656326.1994200331,32.694301781773035,4.0,Moscow
665650.6537965375,28.30532743234916,5.0,Guangzhou
673218.1036200275,23.547255427952308,2.0,Moscow
590268.3931034637,17.435064711192517,1.0,Moscow
626207.8270263993,28.015140573967663,1.0,Guangzhou
507593.90910174686,35.390964403783926,5.0,Guangzhou
600668.0116637805,29.79095224098229,2.0,Guangzhou
595713.8523983283,17.218164785438777,1.0,Moscow
691605.0046261426,42.36774956976711,6.0,Guangzhou
534381.7568178087,10.534221099641057,0.0,Guangzhou
728119.8101709994,9.17314358197211,5.0,Moscow
799448.4544491369,34.605572244572286,3.0,Guangzhou
443001.4974986467,27.2584047860269,4.0,Moscow
692625.87307781,19.5050145369596,2.0,Moscow
717690.8035030245,14.014292724446705,4.0,Moscow
586256.2974447771,48.20799839280298,0.0,Guangzhou
610272.8185671202,26.17090872155442,4.0,Guangzhou
636711.9422413044,30.342011708457715,6.0,Guangzhou
620220.9120598271,28.178850972381817,5.0,Moscow
619098.7030952878,29.34807957731158,1.0,Moscow
482399.61936700233,30.400944605248057,1.0,Guangzhou
765233.156478312,32.32424009754876,3.0,Moscow
757961.859203682,21.247775992393272,4.0,Guangzhou
568663.5740795797,22.083580136481554,3.0,Guangzhou
503357.5672197486,7.589771916410985,2.0,Moscow
702106.4876452759,17.196955934984608,4.0,Guangzhou
592421.2030186934,27.71112796446715,5.0,Moscow
664195.316332078,35.45023375502691,3.0,Moscow
618067.1582854905,30.99039526376184,4.0,Moscow
719153.8751070186,21.59307656122069,2.0,Moscow
719474.9143656006,12.368270879148458,1.0,Moscow
577440.2621536416,2.773591454274332,2.0,Guangzhou
511663.6044604945,36.517339747808,2.0,Guangzhou
491706.1602664918,19.107710134898504,4.0,Guangzhou
711037.9379107205,20.515349937959407,5.0,Guangzhou
531114.074221597,26.31573967908069,4.0,Moscow
599318.3645701313,10.9443995260811,2.0,Moscow
590368.5961549492,21.502178198884632,0.0,Moscow
644743.2703730454,45.23471949769974,4.0,Guangzhou
456372.0194153493,30.053869385773428,1.0,Moscow
668877.8596793829,28.59249156513457,4.0,Moscow
702389.1023834206,9.175055220182417,3.0,Moscow
658842.2087044661,47.436018945826405,1.0,Moscow
618911.3828301529,10.772050913736573,4.0,Guangzhou
659740.0166268783,44.22324755444399,3.0,Guangzhou
689904.634564013,3.849439848121925,3.0,Guangzhou
372740.724357335,39.0536543872442,3.0,Guangzhou
845591.2308250694,41.180542690002255,4.0,Guangzhou
689009.3322687927,16.755908786721655,5.0,Moscow
584759.141761298,29.225803722728827,4.0,Guangzhou
610904.6624812399,30.47480572104665,5.0,Moscow
699374.1777349189,16.86205516768694,3.0,Moscow
638389.6060965634,10.508823892630696,6.0,Guangzhou
446931.55322185054,11.822826568592346,4.0,Guangzhou
856449.286135932,30.41008219959808,2.0,Moscow
638945.9342767528,24.148843974805946,1.0,Guangzhou
752017.27117158,19.3569896669784,3.0,Moscow
580795.0152215608,34.6676801116646,0.0,Moscow
803637.7054245798,30.080679093914775,1.0,Guangzhou
678634.368889228,17.445372736343664,3.0,Moscow
710884.3834475451,12.987984809826107,2.0,Guangzhou
545474.6633853045,30.23261738688077,1.0,Moscow
771114.52896827,19.62416631441938,3.0,Guangzhou
718981.8164534789,25.992048625315025,3.0,Guangzhou
780184.6229564998,40.762989726277176,3.0,Moscow
587191.2440358421,30.0232824007478,2.0,Moscow
601897.2881539213,16.37733000246763,5.0,Guangzhou
880391.6697683942,26.606611898197727,4.0,Guangzhou
543998.4177278453,15.473550471846124,3.0,Guangzhou
636405.029932168,41.08522155948724,8.0,Guangzhou
763689.1362602696,19.38421250396779,3.0,Moscow
659772.4967714855,27.072707469736187,5.0,Guangzhou
708295.3679753294,28.07732574679432,2.0,Moscow
610055.0970737125,26.592504683737022,0.0,Guangzhou
687005.5887847518,5.414510448634612,1.0,Guangzhou
519347.3148264684,10.535789360166714,2.0,Guangzhou
815813.0679618188,20.476497244309083,2.0,Moscow
638183.595487143,28.194318333315305,6.0,Moscow
581982.1796003149,23.622207857142293,3.0,Guangzhou
716638.3082031915,15.428525268489832,4.0,Moscow
603928.0212611447,11.51575680878299,3.0,Moscow
516574.1528597247,20.98442455500656,2.0,Moscow
515328.2494202445,20.31523955320277,3.0,Guangzhou
719377.3152690133,30.128364575927566,6.0,Guangzhou
634042.6561853733,21.736815378416814,1.0,Guangzhou
636629.844033156,31.027076564293296,5.0,Guangzhou
757774.3805976263,19.05350230279595,1.0,Moscow
537317.4191243256,22.44042330785732,2.0,Moscow
576932.2247135175,21.519536203573807,3.0,Moscow
611512.0190818724,17.176330330979102,4.0,Moscow
659435.1589317074,31.251186564337303,6.0,Guangzhou
645782.8548709421,16.86404002905493,3.0,Moscow
621311.2807610092,19.78358490029381,1.0,Moscow
643837.3597904353,24.26880354051803,4.0,Moscow
639269.4723708825,12.0262034404326,2.0,Guangzhou
578039.5611448206,21.750650416795008,3.0,Moscow
568700.7011445923,17.886936402572115,3.0,Moscow
677451.6357723939,21.118458075177504,1.0,Moscow
560908.4917004472,24.40071997328909,4.0,Guangzhou
534264.4740809146,17.000863768593355,4.0,Guangzhou
618770.7748874307,22.79924220179645,5.0,Moscow
634233.2983836184,38.08668752352179,7.0,Guangzhou
875672.349729821,24.742014417455128,1.0,Guangzhou
579529.9724143767,36.45262173019225,4.0,Guangzhou
744326.0724969495,28.464944420067607,4.0,Guangzhou
724718.8334204631,32.741606098188164,2.0,Guangzhou
531105.5044796264,17.25541031229174,4.0,Guangzhou
727325.2977402599,26.04907165085513,4.0,Guangzhou
531611.9359806683,26.33912922615476,1.0,Moscow
384082.7762003259,18.87374261125064,3.0,Moscow
710631.9524359381,16.771716757057185,1.0,Guangzhou
474410.941656228,10.097346120927018,2.0,Guangzhou
695093.4461805915,39.96139636951632,1.0,Guangzhou
581598.9102262784,15.275971106475025,2.0,Moscow
815955.0796189872,38.462210732223,3.0,Moscow
756850.9399316009,20.325068263421464,4.0,Guangzhou
604661.4196148613,16.37506700275266,3.0,Guangzhou
581216.2388971318,31.225191403049976,0.0,Moscow
528592.259690588,18.688080582531427,5.0,Moscow
605907.7367707408,30.684589189242768,3.0,Guangzhou
621964.4504815491,21.671882351477905,4.0,Guangzhou
613530.6455608314,29.80424496117787,5.0,Moscow
665670.3855272364,15.318139360928951,6.0,Guangzhou
707852.1497728878,33.31351057984769,7.0,Moscow
684965.4456993174,29.879726826630048,3.0,Moscow
573585.6076093557,15.803493099373382,4.0,Guangzhou
506220.85261984216,51.429357210147415,1.0,Guangzhou
786453.1848102472,30.40123026400494,5.0,Moscow
581055.0815450063,47.90467070530539,1.0,Guangzhou
584770.6400064981,41.00267818748759,1.0,Moscow
597881.068769889,23.111652197822163,5.0,Moscow
465693.0449843352,20.87728245395457,2.0,Moscow
602202.5995959514,20.965408165791988,5.0,Moscow
602034.4185992052,6.699714495721899,4.0,Guangzhou
712035.8298343512,18.04164880650453,0.0,Guangzhou
719845.7149107336,27.467660239799702,2.0,Guangzhou
650377.0889086269,40.25957560884808,1.0,Moscow
743184.8374114303,17.27228117021798,3.0,Moscow
683996.4983801262,33.820565993630105,1.0,Guangzhou
648431.7888397445,12.47406658496681,2.0,Moscow
666092.8168298223,19.13679974788868,0.0,Moscow
630934.6506418601,20.42359405710474,3.0,Guangzhou
610515.048596655,28.71811081497493,3.0,Moscow
623226.6463106034,29.573096467208117,2.0,Moscow
537198.8668529993,34.62341744814346,6.0,Moscow
678044.1705316296,32.708369604049366,6.0,Guangzhou
550687.638907042,27.43168215402492,4.0,Moscow
734163.1264073637,28.903649435086223,1.0,Moscow
625054.1419839051,40.88530691097532,1.0,Guangzhou
654949.4981650091,19.89073818767737,4.0,Guangzhou
699383.6776280956,32.747283190671624,2.0,Guangzhou
714331.4465062928,6.918560735017486,2.0,Moscow
492937.6591366547,29.11334242897609,5.0,Guangzhou
629309.6323836028,20.167504575208927,4.0,Moscow
738017.8912080782,25.0257118243151,6.0,Guangzhou
480189.41805677454,35.40086245053703,2.0,Guangzhou
688728.0475395063,26.64643809526397,6.0,Moscow
424443.57705978106,33.85187541208927,2.0,Guangzhou
547749.3156364396,39.73764815138405,6.0,Guangzhou
653863.0551840188,28.890939688657205,3.0,Moscow
484328.4897678046,36.710410646204885,1.0,Guangzhou
551448.926231585,21.734390223207924,0.0,Moscow
502816.49925364135,24.91790117730386,2.0,Guangzhou
814813.493220756,19.77380583601522,2.0,Moscow
666422.7755487334,35.429775946463764,5.0,Guangzhou
706729.027785267,29.14091353793595,3.0,Moscow
627732.4899484846,19.927655381050773,2.0,Guangzhou
614656.8251242801,26.546688336463323,5.0,Moscow
488352.5811348967,35.41568388818582,3.0,Moscow
620816.2637252137,24.60732008962047,2.0,Moscow
573850.7788188377,15.510671891502366,4.0,Guangzhou
735792.3924292336,26.31911755787412,2.0,Moscow
764110.1866657573,5.194344089310604,4.0,Guangzhou
796657.8715574178,32.68770644399475,2.0,Moscow
735255.1939461232,20.7867241267532,3.0,Guangzhou
590134.6063077014,20.30689263720893,3.0,Guangzhou
538410.3014039606,33.75695678779507,2.0,Guangzhou
726666.3181645086,11.348371227748313,3.0,Moscow
685629.2817472289,44.47098642820357,5.0,Moscow
473146.15493229695,20.197579582617767,4.0,Moscow
685548.179274377,19.76749056615105,4.0,Moscow
731451.9822487866,35.21224743167163,2.0,Guangzhou
655892.558918163,32.08695273110426,5.0,Guangzhou
631494.6328990659,49.51229719075076,4.0,Moscow
569235.1512383644,22.8879401636848,5.0,Guangzhou
505346.5300436613,23.795933613355903,2.0,Guangzhou
730029.7949340028,10.206840200367465,3.0,Moscow
619088.5555228291,21.678977226511748,4.0,Guangzhou
626653.3338456308,17.78568704428244,2.0,Moscow
823272.1186919133,20.51232986894501,3.0,Moscow
718450.1106859191,7.558122434460447,7.0,Guangzhou
687082.5001281102,41.60607559894514,7.0,Guangzhou
664206.1805187236,10.833965175743591,5.0,Moscow
801999.4860765773,3.0220279839171305,5.0,Guangzhou
821958.9307416194,13.115755784169806,1.0,Moscow
742950.5111479529,18.96160447203849,4.0,Guangzhou
708222.4591397925,13.50445936742882,2.0,Guangzhou
440539.6928793856,35.983035407325126,1.0,Moscow
662372.1914233507,23.62160821403906,2.0,Guangzhou
636989.3045806296,25.25385604406459,3.0,Guangzhou
659395.3229385569,31.103917643054128,2.0,Moscow
744304.6087322518,27.86012526978118,2.0,Moscow
376032.2832810444,34.78567297446043,5.0,Moscow
593068.7946529815,13.905224463638548,3.0,Moscow
676990.4354940761,19.524818993205685,3.0,Guangzhou
603315.4453947238,31.659671460695375,3.0,Guangzhou
508309.38868737407,0.3455446208423005,2.0,Guangzhou
736896.3486896795,11.248155206827592,0.0,Moscow
677687.1905846128,30.009922321799465,4.0,Moscow
552889.5429555515,20.197509650050748,2.0,Moscow
681481.7204515823,34.36107550109698,1.0,Moscow
732158.5712049796,33.091802968531624,2.0,Moscow
650529.2646299361,13.019071198089618,1.0,Moscow
730056.4803430997,29.066570874668813,4.0,Guangzhou
657826.0175161661,37.01697855667506,4.0,Moscow
610477.1017345645,26.47434401650972,4.0,Moscow
534057.9483600087,15.225351227541308,2.0,Moscow
641406.9233028387,33.7938994191337,4.0,Moscow
669429.2938045772,31.354245265539955,4.0,Moscow
737583.2761587331,30.426107834987963,2.0,Guangzhou
638489.2531512773,32.159388934369915,2.0,Moscow
695741.5606220991,4.94612860227619,5.0,Moscow
553538.7986266272,33.80937561080972,2.0,Moscow
571737.0844172474,43.08131810578976,4.0,Guangzhou
638961.0700973112,29.36638474629293,5.0,Moscow
544537.1536014986,26.927289964997268,7.0,Guangzhou
732024.7837324681,31.96438673391439,6.0,Guangzhou
696313.0329318608,28.382254736851152,5.0,Guangzhou
677909.5764392454,31.51781261700616,0.0,Guangzhou
683890.4125215944,25.01471000245411,2.0,Guangzhou
852104.3561484797,17.332951454630997,2.0,Guangzhou
603113.5812033204,14.956772877853863,6.0,Guangzhou
429855.8714499442,15.01808271768136,2.0,Guangzhou
669930.0196896465,11.269574490491047,4.0,Guangzhou
644939.6459038334,14.322579889808935,3.0,Moscow
598248.0957489597,42.61266127419863,1.0,Moscow
552117.014064123,32.54095663656243,4.0,Moscow
606081.0478197852,18.749726093153285,4.0,Guangzhou
668133.8429217822,21.09607306014492,0.0,Moscow
599718.3299357462,26.125575309064544,5.0,Moscow
891245.3679543749,18.44454970515642,1.0,Moscow
553949.5618366852,25.67516857174325,2.0,Guangzhou
570688.2637292328,32.776041379029124,5.0,Guangzhou
421137.9959985472,24.642572664518266,1.0,Moscow
675148.4415021538,28.36015742661992,4.0,Moscow
448359.337220024,33.86491539359616,0.0,Guangzhou
596054.5366625498,22.27868243981792,3.0,Guangzhou
622432.9465439443,27.84790599134363,2.0,Moscow
579027.2034153112,21.906224071166385,1.0,Moscow
,24.71471130165584,0.0,Moscow
749439.4391315499,21.7526973491704,2.0,Moscow
781913.6876301576,19.711301464438847,2.0,Moscow
561758.1181450081,26.737118529870237,2.0,Guangzhou
762859.4064514568,30.665453158182125,5.0,Guangzhou
699600.0946343963,26.463044460010444,1.0,Guangzhou
727140.5948676845,29.98726958311932,4.0,Moscow
752943.8828782768,17.6206821975877,6.0,Moscow
559123.6754040946,12.962648078002204,3.0,Moscow
607568.2379022099,29.170435029676035,1.0,Guangzhou
736259.6011328452,31.878813911747542,1.0,Guangzhou
384438.0907025067,25.498572665998225,2.0,Moscow
801332.8082573205,38.48035780424719,4.0,Moscow
705313.2064207584,34.076987979878986,3.0,Guangzhou
645429.6039339765,51.805708407690005,5.0,Moscow
672050.7655757173,22.991914860043345,5.0,Guangzhou
547006.4716691023,15.011512039046318,3.0,Moscow
615005.6635410895,17.598632092604866,4.0,Guangzhou
760028.4338220374,19.34502193625344,7.0,Guangzhou
779802.1972326221,29.760313834381144,6.0,Moscow
919622.405256358,3.419314360387432,2.0,Moscow
642607.5333719585,38.185510180908366,5.0,Moscow
584144.7033194996,22.60703408857656,4.0,Moscow
598576.6034060011,22.532064422112484,5.0,Moscow
548195.8124712636,14.206568339750048,4.0,Moscow
642214.5244059149,23.8577444854982,1.0,Guangzhou
688273.2430012268,25.132397676675332,0.0,Moscow
646575.7719468046,23.780550723997223,4.0,Guangzhou
759634.6845665799,28.390592559424302,7.0,Moscow
626578.4198655464,19.103679580489704,1.0,Moscow
615254.9347501437,16.041842395891727,3.0,Guangzhou
591873.1523139675,30.4832813049798,1.0,Guangzhou
486736.5473765505,25.98667453815796,5.0,Guangzhou
493223.2275691546,26.971810551973675,2.0,Guangzhou
532084.2069362312,35.59027254441966,2.0,Guangzhou
780142.807166476,14.774356087393144,4.0,Moscow
739526.027288993,16.447595427491358,3.0,Guangzhou
787496.406639299,37.57219650828994,2.0,Guangzhou
516778.8345405498,10.171166424259576,2.0,Moscow
453137.531021398,11.905878536689858,4.0,Guangzhou
583994.3679865918,33.17861831184996,2.0,Moscow
667581.8953296028,27.382001920220382,1.0,Guangzhou
699869.0274909828,26.05232137059276,1.0,Guangzhou
754797.2155968053,24.083405918996167,5.0,Moscow
678427.9670807215,25.312675470275696,2.0,Moscow
824266.8780655632,24.07887885308044,0.0,Moscow
627739.431905168,38.55442702594418,3.0,Guangzhou
558692.0781958203,21.01851871249925,4.0,Guangzhou
481878.1784505567,23.386264637222208,6.0,Moscow
561102.8641904551,42.94448805225073,3.0,Guangzhou
674211.7960985122,25.27509702029836,2.0,Moscow
561127.9742646369,47.32016389525178,4.0,Guangzhou
743674.2463535257,23.950202989810464,4.0,Guangzhou
791232.7706037443,38.67414982460159,3.0,Guangzhou
413041.3094773397,8.446559616903222,3.0,Moscow
736405.2300497647,26.536444608156664,4.0,Guangzhou
426039.5941338263,9.155264368490643,3.0,Moscow
690149.9055090287,33.44454306604587,4.0,Moscow
772487.0564193659,12.871321837909752,1.0,Guangzhou
656485.6106343577,27.83769554383345,1.0,Guangzhou
522031.08267957607,22.178041233095648,1.0,Moscow
591456.8795722227,13.417968148159712,4.0,Moscow
623835.45542891,8.806400171024574,4.0,Moscow
631775.5216210057,19.889595364198904,5.0,Moscow
629710.3159233333,42.40629445895331,3.0,Moscow
639011.7220690686,22.065149451106223,1.0,Moscow
671348.0048910169,34.17221542115856,5.0,Moscow
529142.6346266778,24.42957132337812,3.0,Guangzhou
625798.0170129781,33.76726773690452,6.0,Guangzhou
801826.1170355706,6.730886216954822,4.0,Guangzhou
611535.4576857482,20.968116931504667,7.0,Moscow
605616.3906844802,34.49405523793219,3.0,Guangzhou
757819.7303714238,23.367450511668213,5.0,Guangzhou
394081.5333655904,24.135447172889528,5.0,Guangzhou
768137.8601288286,20.69538088114207,2.0,Guangzhou
586809.6241994833,36.49379383367124,3.0,Moscow
666392.8572452586,27.97514353954946,0.0,Moscow
659632.1355921197,25.44022276175348,0.0,Moscow
744246.8119220394,31.430545453392927,3.0,Guangzhou
623240.5253764653,30.882249291179367,5.0,Guangzhou
582197.4218435549,27.125870464375367,4.0,Guangzhou
779784.5790651098,40.47031496990844,4.0,Moscow
413582.618285882,24.39712466360881,5.0,Guangzhou
652033.4181705243,27.78081047967944,2.0,Moscow
515207.457737088,18.570474466471097,2.0,Moscow
573842.6611743441,26.501152270061294,4.0,Guangzhou
851125.6681463136,40.87761523745368,4.0,Guangzhou
645540.4573544143,18.56742398211261,3.0,Moscow
669506.9697151381,13.66407174361541,6.0,Guangzhou
471843.7144294409,34.96759642819816,0.0,Guangzhou
577095.5341205305,23.512338477663207,2.0,Moscow
669655.7400728785,25.9600420496977,2.0,Guangzhou
685475.7693113218,24.54886696306665,5.0,Moscow
711688.6554393279,25.79121723929535,3.0,Moscow
650862.7898917577,33.50530683523438,0.0,Guangzhou
702700.420845466,16.608758094007264,4.0,Guangzhou
695378.1912635684,14.882259158945114,5.0,Moscow
467025.9588995469,25.84968137037708,4.0,Moscow
653700.572191015,8.935603105501674,4.0,Moscow
726790.2407732704,11.269464639580717,1.0,Guangzhou
708987.982073452,43.66683148331627,1.0,Guangzhou
613614.119002921,32.57468330061404,4.0,Guangzhou
569437.3492460633,24.899435281309856,3.0,Guangzhou
538168.8075678367,37.3800693595844,4.0,Moscow
636894.5988458588,14.59400769914855,0.0,Guangzhou
763307.9879559722,21.84396876614142,3.0,Guangzhou
454819.5898518398,31.234536094243825,0.0,Guangzhou
584010.8270270502,33.906716814313945,1.0,Moscow
536019.7544573226,30.129168468277765,4.0,Moscow
728495.75212405,0.4123880768822445,5.0,Guangzhou
594569.0373428699,15.31917882335422,3.0,Moscow
602936.2341845209,29.77068092356865,3.0,Guangzhou
628305.0430063352,21.440485069531935,0.0,Guangzhou
694539.3250894797,50.40231620759172,5.0,Moscow
610761.1001850363,34.26558300967096,3.0,Moscow
345385.6945200073,30.580818806186656,7.0,Moscow
704331.189138752,13.830504462532764,5.0,Moscow
693904.2957672043,24.64703260397085,1.0,Moscow
628045.8971668787,27.412039642189526,5.0,Guangzhou
541596.3379328066,36.27783630127802,0.0,Guangzhou
685178.0110681358,33.811310970996324,1.0,Guangzhou
687923.5533535586,35.329891945199456,2.0,Guangzhou
602996.7117299126,15.76087984189998,3.0,Moscow
628326.8529424461,39.12151698298631,4.0,Moscow
556984.3497475679,11.195692476927308,1.0,Guangzhou
632141.0907912671,19.640854383338382,1.0,Guangzhou
494957.0654916519,29.30771134945641,4.0,Moscow
691731.8821031835,23.501084082668605,3.0,Moscow
555563.1509175706,14.939631420796085,3.0,Moscow
673810.3147832312,16.784501743968676,1.0,Moscow
509403.7083732101,9.517456771509575,3.0,Guangzhou
590994.2354130461,30.319746390071916,1.0,Moscow
638951.0594934073,37.605688450421496,1.0,Guangzhou
483930.0188130736,23.99606496598634,5.0,Moscow
661514.7873140093,20.996511849865765,1.0,Moscow
612085.2437120078,10.276770715335104,1.0,Moscow
475764.3802190769,34.13201924252178,2.0,Guangzhou
519675.7245887685,47.11304333239493,4.0,Guangzhou
710512.0084082166,7.025441956331026,1.0,Guangzhou
739555.5985551324,14.365670618453931,5.0,Guangzhou
636809.1360220033,18.20406957455856,6.0,Moscow
690476.1812040497,19.356820903175112,1.0,Guangzhou
672384.356331291,27.27345950143481,3.0,Moscow
682962.2982127739,41.142495472802274,1.0,Moscow
778598.4007080293,35.08597286860103,0.0,Guangzhou
499300.1601785728,30.27597382774316,4.0,Moscow
717646.0732361623,17.76071295941398,4.0,Guangzhou
611799.104442218,13.803717663195457,7.0,Guangzhou
627574.106574836,17.032246936936993,1.0,Guangzhou
619775.026954493,40.48066801378739,6.0,Moscow
612485.2883338716,24.38256698542099,6.0,Guangzhou
527380.3808216981,20.531637463373787,3.0,Guangzhou
668333.9199257601,23.16244269750008,4.0,Guangzhou
817094.3032788858,33.24618219638468,5.0,Guangzhou
644386.6979551243,11.871503254502082,7.0,Moscow
649861.4957264904,39.14874135922423,4.0,Moscow
581270.0962843336,26.56476256946299,3.0,Moscow
638252.5453581888,22.836560217042734,1.0,Guangzhou
696616.6426034031,29.42846113746739,4.0,Moscow
612975.7559295658,27.18397073129937,5.0,Guangzhou
604619.5958947999,21.55803543532619,3.0,Guangzhou
690326.4540163247,22.47289327958393,1.0,Guangzhou
558199.5230180954,16.311374531340476,3.0,Moscow
675249.6627076872,31.563907508593022,3.0,Guangzhou
732032.1797261422,19.68006190588838,4.0,Guangzhou
785994.8541679485,15.437415775677172,0.0,Guangzhou
640961.7992723053,26.65863522653537,4.0,Moscow
786759.7239806714,38.29141282745553,4.0,Guangzhou
753440.9886481517,24.5165537622018,4.0,Guangzhou
550378.7359628933,18.9189874304831,3.0,Moscow
528206.1488406849,29.03896020835974,1.0,Guangzhou
619503.6362145579,44.36712462402552,3.0,Moscow
752893.5492594854,10.480944705682528,5.0,Moscow
642771.2992439995,28.822027877852936,1.0,Moscow
589934.2442342212,27.05086625231854,1.0,Moscow
805224.3180048561,36.61533803559117,0.0,Moscow
678690.4488003346,34.90909173684845,4.0,Moscow
417940.5724209258,23.132908881902207,4.0,Moscow
681716.0626292689,8.15482744575117,5.0,Moscow
702004.0614570868,33.065637678962595,3.0,Moscow
672560.8654471104,16.64807309808517,0.0,Moscow
694971.2100231992,15.532595890428103,1.0,Guangzhou
643272.4391077019,36.48350580691126,5.0,Moscow
518160.4130355266,15.891496223613474,3.0,Moscow
612929.5996779547,39.02844740100243,4.0,Guangzhou
555438.4204443708,28.35844721405313,4.0,Moscow
556725.9089205622,28.191184000862823,3.0,Guangzhou
523693.1650897724,28.07264780505591,3.0,Guangzhou
695248.9092639646,8.615763742582079,7.0,Guangzhou
659789.6145412627,7.236113836534241,4.0,Guangzhou
605183.4637319292,27.155530537886847,3.0,Moscow
585066.2072269612,30.6800735922642,4.0,Moscow
647657.6894978548,25.82611032156201,3.0,Moscow
757919.472811249,16.784654829804722,1.0,Moscow
449578.4284501085,25.189221038821948,4.0,Guangzhou
687687.6520850892,24.17965846854516,7.0,Moscow
595428.8025982218,15.428419017245895,1.0,Guangzhou
461541.4155020552,35.13972154112162,6.0,Guangzhou
455429.69168360415,7.697239384499142,2.0,Guangzhou
558721.6505864708,30.887424068075063,4.0,Moscow
671950.9555793045,28.843234052112454,5.0,Guangzhou
689306.2933980091,35.097118548117145,2.0,Guangzhou
556101.8427322215,14.946881276511412,5.0,Guangzhou
751702.0991413244,26.01407146668211,1.0,Guangzhou
792298.3496516106,46.71164949318166,1.0,Guangzhou
689608.658495656,31.620742889997064,2.0,Moscow
590859.7332191889,26.00581208728963,4.0,Moscow
762441.9184510368,30.39161274114197,2.0,Guangzhou
725539.5695663338,25.8617684238012,0.0,Guangzhou
736740.7411354918,46.9089801323984,3.0,Moscow
584353.6325028469,34.8363619578918,1.0,Guangzhou
366544.5494725298,24.14385045769503,4.0,Guangzhou
861679.1021483676,27.52331431384521,2.0,Guangzhou
488912.1596550066,21.092020039189865,3.0,Moscow
646423.1928139778,37.09850126410305,2.0,Guangzhou
888074.535121975,10.938952286089892,4.0,Guangzhou
683057.6756274374,8.952614701390129,3.0,Guangzhou
744924.6473558235,39.58714749675994,4.0,Guangzhou
499760.3430618288,46.53119792570583,2.0,Moscow
472233.3045266294,29.68304907689592,3.0,Moscow
,26.12737941235737,4.0,Moscow
759074.97344345,31.57267690304777,3.0,Guangzhou
615375.055235269,18.529464736172407,4.0,Guangzhou
570536.3678928502,26.71243545152213,4.0,Moscow
669796.7289944967,25.38908705856215,6.0,Moscow
758193.5218477265,31.26564250745361,3.0,Guangzhou
505505.98009266285,9.420014718166035,1.0,Moscow
528945.7005876648,19.929652302346625,2.0,Guangzhou
571133.0745490633,33.44995603000837,0.0,Guangzhou
759463.8374712091,18.244061723699367,3.0,Moscow
673482.1525948732,15.066386245768646,3.0,Guangzhou
863215.3410570443,45.42072149826954,4.0,Guangzhou
743644.5725831116,25.381180001794004,2.0,Guangzhou
646490.482313033,19.21081860056792,2.0,Moscow
776507.7838088766,8.076295625258915,4.0,Guangzhou
671149.7012731878,32.29346346280426,4.0,Guangzhou
579507.8647492555,31.99136153718694,2.0,Moscow
717997.4844245103,22.01240399430064,3.0,Guangzhou
580367.3346138917,13.977698090929094,4.0,Guangzhou
620960.2899196133,24.75450576357621,4.0,Guangzhou
782778.2695957983,16.641439325183786,1.0,Guangzhou
639871.8513782601,15.579064111268842,2.0,Moscow
569685.8612658372,23.967872485382923,1.0,Guangzhou
603566.2308564509,14.486096013399354,2.0,Moscow
752179.0585588673,27.46648955252446,5.0,Moscow
594745.932658327,31.079925094063974,4.0,Moscow
611312.9153149354,16.603675528268084,1.0,Guangzhou
598970.7260366371,11.317549046616094,4.0,Guangzhou
,40.61279598955807,3.0,Guangzhou
611451.0239624392,15.597297640427952,2.0,Guangzhou
489816.3951027463,18.400572948976624,0.0,Moscow
561281.905815496,27.13017167429887,3.0,Guangzhou
556721.0958493561,30.99369372522297,4.0,Guangzhou
774331.9384455155,22.43683106310357,1.0,Moscow
731267.4042109043,29.60794327701256,2.0,Moscow
708725.9379399826,20.99013842103599,8.0,Moscow
599464.168273559,15.288293351756092,4.0,Moscow
568420.8458006028,39.26316860787027,4.0,Moscow
599248.2398342643,49.88441614331128,2.0,Guangzhou
544811.9897448326,41.95969533014169,2.0,Guangzhou
899720.0391587007,26.418066391534545,3.0,Guangzhou
425467.83516285976,43.33435361815678,6.0,Guangzhou
706400.8535073809,28.557035157239845,4.0,Moscow
521544.7702007473,20.227137295967708,1.0,Guangzhou
639565.6508505307,29.66379574381979,5.0,Moscow
551199.8057506266,24.05607493588815,2.0,Moscow
532237.1037517369,15.168818162542925,6.0,Guangzhou
535980.3699065038,16.01678028567984,2.0,Moscow
825498.6153742059,33.020517387405164,1.0,Guangzhou
636701.1577690408,6.53468018335327,3.0,Moscow
573429.7805521914,31.041367404426843,5.0,Guangzhou
705578.6964082873,8.704163972515616,5.0,Moscow
651034.9314566299,3.788235550975642,3.0,Guangzhou
722003.3759341653,6.611533962415017,1.0,Guangzhou
467574.334406217,44.6676397193474,2.0,Guangzhou
680360.3904462002,23.03766035056458,1.0,Moscow
727269.4837102381,25.865831801654192,1.0,Moscow
483840.1708885436,39.19255045910951,3.0,Guangzhou
694819.5284423312,34.34179748499725,4.0,Moscow
819618.157282816,11.084947305957805,2.0,Moscow
648514.2296645297,33.690063428187614,3.0,Guangzhou
732140.5937024811,26.841812647035464,2.0,Moscow
717057.045031091,21.583219024041195,5.0,Moscow
579249.4302489423,25.242909141377805,1.0,Guangzhou
653976.6734586495,37.79812020628022,5.0,Moscow
493300.5289138397,16.140335179590473,7.0,Moscow
604869.6962897474,29.00885679104121,4.0,Moscow
676568.7974966236,24.90342763467092,2.0,Moscow
722310.0493737798,7.028353846043814,2.0,Moscow
652461.2125247911,16.97746828269189,5.0,Guangzhou
721998.3730143165,26.932135532336964,1.0,Moscow
539709.378704463,37.97342089092891,1.0,Moscow
639830.2725445129,35.013310173467296,1.0,Moscow
651927.9384513077,30.97212504403425,0.0,Guangzhou
834959.1246679637,16.847243388635412,1.0,Moscow
628583.3343799915,43.01213990808535,5.0,Guangzhou
600098.3362005817,27.15240467639612,5.0,Guangzhou
652135.1223843548,14.936344783214498,2.0,Guangzhou
558088.6555130056,23.17095019143049,3.0,Guangzhou
669275.3849065216,33.96248425356159,5.0,Moscow
613494.4783453742,25.07617498318158,3.0,Moscow
470867.2451958816,33.868646865827614,1.0,Guangzhou
644141.3448866139,36.0369395746215,0.0,Moscow
618245.6906069801,29.00530684598706,5.0,Moscow
486757.66979320167,16.422973769531062,4.0,Guangzhou
643286.5845385478,26.354546631899805,4.0,Guangzhou
798935.596207448,25.45165855938831,1.0,Guangzhou
702130.3748275713,43.59346333851629,3.0,Moscow
711192.7192731157,8.7367806217317,4.0,Moscow
515850.3274416957,23.651775489056455,4.0,Moscow
697689.8368922223,19.15906453205081,2.0,Guangzhou
664844.9581380078,28.351056201959988,5.0,Moscow
702904.5238334432,0.6243564080064381,0.0,Moscow
692262.8621708825,36.1492455949028,5.0,Moscow
514021.9274496186,25.137484873355337,5.0,Moscow
645859.9188442032,6.552988363719539,6.0,Guangzhou
574212.9139574834,21.38886865260134,2.0,Guangzhou
644991.5905715178,31.089623416545244,1.0,Moscow
560259.9073098169,9.085521245419685,5.0,Guangzhou
781247.0367140996,25.032222164431555,2.0,Guangzhou
564102.7611555657,14.4252635219847,3.0,Moscow
560105.7843534464,19.44014968121033,2.0,Moscow
657458.6406543554,25.267383826746368,1.0,Guangzhou
542290.0930596006,26.83450253581576,4.0,Moscow
607533.6697567134,20.292575018172727,0.0,Guangzhou
567003.5402462038,27.72796389530264,4.0,Guangzhou
791117.2063889612,33.17977607254806,1.0,Moscow
728580.3826831173,22.210857248967603,0.0,Moscow
644253.0481534605,39.31567757449291,3.0,Moscow
610878.2947825984,39.6221417078042,4.0,Guangzhou
744091.7614575113,20.71297934414171,4.0,Moscow
690520.4080322888,18.62159443526416,5.0,Guangzhou
699805.2404682856,8.358270148338264,2.0,Moscow
647380.776265575,23.7343066836061,1.0,Guangzhou
481176.9972228568,21.365622198839485,3.0,Guangzhou
638753.4017440447,32.79051220132992,6.0,Guangzhou
596751.0080790932,9.903383939317012,5.0,Moscow
714505.5273459877,22.2260860825689,7.0,Moscow
751184.243299419,34.68744393111145,2.0,Moscow
584204.8955238832,17.6964290444204,4.0,Guangzhou
696838.5234277052,17.376384632723905,1.0,Guangzhou
823587.8997685714,10.530596652441917,2.0,Moscow
583228.727942944,51.20573846018239,2.0,Guangzhou
818192.1740073138,17.525268219346206,2.0,Moscow
564741.4152829353,11.99653167781661,2.0,Moscow
652295.9755607952,16.9614959596848,3.0,Guangzhou
648885.4388158158,17.257049195131955,3.0,Guangzhou
651149.8899870062,22.3061022154876,4.0,Guangzhou
566232.1958092055,33.25372232087515,3.0,Moscow
590881.689623557,22.016768310041662,2.0,Moscow
583227.9713640601,15.77176685003172,2.0,Guangzhou
682696.2595404458,10.486615018089749,2.0,Moscow
683003.5114510312,25.218573582198715,2.0,Moscow
872594.4331738258,25.425390740297907,4.0,Guangzhou
787098.9006291121,40.309323510288245,5.0,Moscow
599015.6757861521,25.924477354698087,6.0,Moscow
682486.9615796186,24.009916887159225,1.0,Guangzhou
749711.798079176,14.493461634125104,4.0,Moscow
653060.1824338518,21.94047424901608,0.0,Guangzhou
643035.8421553065,20.61525541965394,4.0,Moscow
655157.4942769889,21.298358354862973,5.0,Guangzhou
736727.6628808428,15.407446073594118,3.0,Moscow
,30.38329603276177,5.0,Moscow
617433.0531179826,23.575545824906307,1.0,Guangzhou
697043.3144846482,22.996465199950126,1.0,Guangzhou
681144.7071554156,7.859538839510037,3.0,Moscow
673958.2759856391,29.93644087524864,5.0,Guangzhou
613019.8833696197,29.870153259803796,2.0,Moscow
747253.5789142537,16.608705971577862,2.0,Guangzhou
863386.8247204537,34.90121383879194,1.0,Guangzhou
690641.5493676206,11.352417699175676,3.0,Guangzhou
630682.329845016,24.7813009121092,5.0,Guangzhou
725574.0288894542,22.287926601098363,4.0,Moscow
596086.736324701,11.828252111942057,4.0,Guangzhou
575030.9655297103,26.89702612079996,3.0,Guangzhou
653280.8747613712,42.02570152241791,2.0,Guangzhou
391720.3367030056,25.6763423006692,4.0,Guangzhou
534604.963634799,20.36978245890949,3.0,Guangzhou
615203.8144079155,29.470241568856785,3.0,Moscow
514661.1141852287,26.05719995467155,5.0,Moscow
546735.6898107871,25.27762131625501,3.0,Moscow
606325.1662541992,20.74457787228552,1.0,Guangzhou
485703.4706469391,39.21975559292465,5.0,Moscow
609392.8203740168,29.563633634807854,3.0,Guangzhou
596472.9835467156,19.713293410645115,1.0,Guangzhou
652540.5208385016,23.91996163219042,1.0,Moscow
765418.4030494019,17.591332957959274,3.0,Moscow
667250.4416492865,18.91708849918505,8.0,Moscow
652106.2021342063,18.59274275809801,2.0,Guangzhou
659945.4457030712,13.656884062777726,2.0,Moscow
672739.2775121129,32.77276963767955,6.0,Moscow
548326.1351390231,22.08958536726974,3.0,Moscow
638522.4675229202,30.541275783267697,0.0,Guangzhou
680875.1241836613,18.29874102272704,0.0,Moscow
512924.001745694,24.39637505607661,5.0,Guangzhou
736565.2922815853,17.889594032088887,4.0,Moscow
758137.603445819,32.196681705373315,5.0,Guangzhou
586862.4011550611,22.515806932949616,3.0,Guangzhou
625866.2208546896,17.69126414048614,2.0,Guangzhou
562180.9657189926,8.582967711902157,3.0,Guangzhou
719938.0483587817,27.756665493407745,3.0,Guangzhou
543877.7712554091,17.91614947661893,1.0,Moscow
627752.298975708,24.84220782879005,4.0,Guangzhou
564108.0092192328,20.082698919864725,0.0,Moscow
655095.427701129,34.54189580898765,2.0,Moscow
470577.0728510279,30.44144752358008,3.0,Guangzhou
782646.1642365693,29.47212087454832,2.0,Moscow
553539.3575793736,18.83878876676521,1.0,Guangzhou
655989.4683116276,29.662900435501896,4.0,Guangzhou
628747.6955229691,42.14831608676043,1.0,Moscow
573788.5488077502,16.67813965849938,6.0,Moscow
561221.9863364064,26.723391392291887,2.0,Moscow
743639.854355246,8.50783025582868,2.0,Moscow
597435.940689806,38.98562092125536,3.0,Guangzhou
677117.018463731,21.020879014091584,5.0,Moscow
569850.3114605625,32.82578880841977,2.0,Moscow
585281.8568152239,7.76771749283677,5.0,Moscow
697224.7150087849,42.97539387125904,6.0,Moscow
743040.8496111117,21.431284719744014,5.0,Guangzhou
632468.359767298,30.45657323470028,6.0,Moscow
507808.0128359563,26.50818206332594,6.0,Moscow
849795.6079750005,22.445292138122305,6.0,Guangzhou
564345.069176579,41.85792302659304,6.0,Moscow
495841.2600328212,8.519537936338203,3.0,Guangzhou
909442.4587768152,27.98713659992009,2.0,Moscow
609596.7706149063,34.106456722299704,2.0,Guangzhou
503826.7311738592,24.701438783636338,0.0,Guangzhou
581656.0233211318,23.81829215633408,2.0,Moscow
686754.4896022269,23.573122879265348,2.0,Guangzhou
669031.1557593939,12.72363579589592,3.0,Moscow
564827.080274641,25.381273840949348,1.0,Moscow
832272.360012796,30.127175234723985,0.0,Guangzhou
597842.0322006627,25.685992274806605,3.0,Guangzhou
531531.3409588448,22.277238988549197,3.0,Guangzhou
746069.339846066,20.10274977626973,1.0,Guangzhou
782906.2846539682,22.20703330721628,2.0,Moscow
568250.6902383773,37.57744217496038,1.0,Guangzhou
509865.27069606894,4.133650205794574,2.0,Moscow
753043.8267415605,25.40071456547776,1.0,Guangzhou
445267.6386942038,21.722450827035832,6.0,Moscow
527337.8340603384,39.55807951836843,3.0,Moscow
746744.6150050235,25.55492225443803,1.0,Guangzhou
644464.745197761,39.84925598699954,2.0,Moscow
623606.2651407312,3.761099819544409,1.0,Guangzhou
685281.6606494378,29.59584904834056,5.0,Guangzhou
634722.5576454591,27.8005786003768,6.0,Moscow
520131.327783691,38.90533967073938,6.0,Guangzhou
777607.5346006188,8.586513911769707,1.0,Moscow
782501.4052886815,23.44964191881674,3.0,Moscow
670533.256377796,25.660602617864924,2.0,Guangzhou
654513.4015432011,20.042045054547906,4.0,Guangzhou
883962.4806020057,37.1657771374294,1.0,Moscow
622356.7154984163,21.613178145546023,2.0,Moscow
624042.3018165961,45.34762544021154,2.0,Guangzhou
686448.1249240505,35.54177908938922,3.0,Moscow
797132.1956142338,34.508336970037995,4.0,Moscow
809277.0754417484,30.592989813908844,2.0,Guangzhou
624142.7368323229,14.363044089744522,4.0,Guangzhou
680833.1245959345,20.68903662489243,5.0,Guangzhou
512191.6532935923,30.72751366857216,3.0,Moscow
618802.3892083787,31.77557033587717,1.0,Guangzhou
565970.9604520693,38.07183845081258,1.0,Guangzhou
549316.8247701016,20.325589903740937,4.0,Guangzhou
818157.6716267328,16.398466150753368,2.0,Guangzhou
570771.3338193855,33.59104192785531,0.0,Guangzhou
596839.4091988545,16.903734239598872,4.0,Moscow
686584.8787916858,33.733118360704125,3.0,Moscow
779782.5266973586,36.99736176415038,0.0,Guangzhou
698111.5126388835,29.561530358270552,5.0,Guangzhou
925935.5114021584,21.42420968031402,5.0,Guangzhou
642533.2021748851,25.4108222614388,3.0,Moscow
675871.6440229747,30.934659196032392,0.0,Guangzhou
677560.0673984056,25.101855187120734,0.0,Moscow
793504.9386789154,46.98296338670493,2.0,Moscow
700723.8951109615,15.093290693728507,0.0,Guangzhou
638377.0299612851,14.97331412630209,4.0,Guangzhou
555251.140509312,15.231046132646748,0.0,Guangzhou
674444.3455961633,19.10420077454784,3.0,Moscow
790134.483129196,3.210684798050906,2.0,Moscow
608961.8206342129,18.70349573059819,4.0,Guangzhou
702894.3618416582,18.46715298072111,1.0,Guangzhou
674614.7788684844,25.78514025174176,4.0,Guangzhou
736351.9658381315,29.178005832060816,0.0,Guangzhou
569524.6259362131,12.597836635922295,5.0,Moscow
884664.7030526561,34.000542427640724,3.0,Guangzhou
522083.8892971742,43.02242229790547,4.0,Moscow
613444.8910013962,22.91714896905004,0.0,Guangzhou
743809.2540905646,40.74371237475572,4.0,Moscow
679673.3172494114,26.98989494405188,4.0,Guangzhou
732998.6159081103,44.88731918595391,4.0,Moscow
600389.7666017438,36.1728346568819,4.0,Moscow
642519.5017319659,9.360953651602337,3.0,Guangzhou
651223.1983638818,25.186273706613555,5.0,Guangzhou
806925.9614535904,35.543249749040775,3.0,Moscow
719042.9024383049,25.30546581040617,2.0,Guangzhou
729667.2108364671,24.63116469154933,3.0,Moscow
584207.3907463205,37.69764750314304,1.0,Guangzhou
746888.263856305,17.90145817853896,2.0,Guangzhou
672558.1663568803,25.175156132782185,3.0,Moscow
788914.5315677928,28.236257646091182,2.0,Guangzhou
851406.0154918468,21.66209039646436,3.0,Moscow
619323.4223972996,24.798708961224627,7.0,Moscow
609369.6869554938,32.750232632241705,4.0,Guangzhou
563595.500889763,29.32837621499994,5.0,Guangzhou
635642.048828368,16.912824680204665,2.0,Moscow
611797.4551049616,13.958760142007382,2.0,Moscow
685950.439957101,17.108978197433498,2.0,Moscow
635543.3183066264,25.012484557884868,5.0,Moscow
613840.071921838,23.40060212242957,1.0,Guangzhou
756458.5136127851,16.68042506782875,1.0,Guangzhou
556211.9768848548,19.01849547483514,3.0,Guangzhou
693310.7953151343,9.799607148079364,3.0,Moscow
609405.8272811517,29.17853703217326,7.0,Guangzhou
722436.8504869965,24.59981274648367,4.0,Guangzhou
788526.154672223,12.4021265659473,2.0,Guangzhou
619690.1746575928,25.286205041877828,0.0,Moscow
694103.2907273151,38.42622010510353,2.0,Guangzhou
667879.286573318,17.600641470347405,0.0,Guangzhou
570057.7600456903,38.15137665720973,4.0,Moscow
674078.7509741938,21.76542527516576,3.0,Guangzhou
678912.0505278812,26.97828167849868,4.0,Guangzhou
691287.0820446175,25.97750802422185,7.0,Guangzhou
630160.1103179954,39.01523416005246,1.0,Moscow
659419.2300310147,26.58433846785532,3.0,Moscow
535238.9055156865,13.580985807961534,1.0,Guangzhou
614188.5924520143,11.890296295587875,3.0,Moscow
